0 0.682590909090909 0.6983557951482479 0.5304848484848484 0.6028032345013477
0 0.2079848484848485 0.534177897574124 0.146 0.09800539083557952
0 0.032363636363636365 0.6309703504043127 0.06474242424242424 0.09067385444743936
0 0.146 0.2683288409703504 0.11845454545454547 0.06617250673854448
0 0.14256060606060605 0.34059299191374665 0.07851515151515151 0.05390835579514825
0 0.2754848484848485 0.28792452830188675 0.09366666666666666 0.061266846361185984
0 0.33884848484848484 0.3847169811320754 0.20660606060606063 0.11762803234501348
0 0.4648787878787879 0.21318059299191375 0.16942424242424242 0.11272237196765499
0 0.8140454545454545 0.27444743935309973 0.22037878787878787 0.15681940700808625
0 0.6783787878787879 0.14212938005390835 0.07575757575757576 0.04409703504043126
0 0.7314090909090909 0.04778975741239892 0.09642424242424243 0.05636118598382749