0 0.2880370942812983 0.6536881188118812 0.3821792890262751 0.2587871287128713
0 0.6596908809891808 0.8022029702970297 0.17001545595054096 0.3037871287128713
0 0.8163523956723338 0.8337128712871287 0.14613601236476043 0.13277227722772278
0 0.9475270479134466 0.8033415841584158 0.1049613601236476 0.175519801980198
0 0.8289953632148377 0.6525742574257425 0.17423493044822258 0.1350247524752475
0 0.8842967542503863 0.5749257425742574 0.23142194744976816 0.19576732673267327
0 0.9700000000000001 0.46804455445544557 0.06 0.0810148514851485
0 0.9369860896445131 0.3724009900990099 0.12604327666151469 0.11925742574257425
0 0.7798299845440495 0.40730198019801983 0.12927357032457495 0.09
0 0.70887171561051 0.4545544554455445 0.09414219474497681 0.09900990099009901
0 0.6119165378670789 0.5558168316831683 0.1615919629057187 0.166509900990099
0 0.6112055641421947 0.4387871287128713 0.05901081916537867 0.05851485148514852
0 0.47913446676970634 0.41517326732673265 0.10115919629057188 0.08774752475247526
0 0.2479907264296754 0.4162871287128713 0.09414219474497681 0.0720049504950495
0 0.1545595054095827 0.9027970297029704 0.16579598145285934 0.19443069306930694