0 0.4719057815845824 0.8916161616161616 0.3804925053533191 0.21678787878787878
0 0.3269593147751606 0.655010101010101 0.3244967880085653 0.16628282828282828
0 0.474389721627409 0.5182626262626263 0.16141327623126336 0.1351919191919192
0 0.278372591006424 0.45454545454545453 0.18119914346895075 0.07925252525252524
0 0.24460385438972163 0.38616161616161615 0.3047323340471092 0.09167676767676768
0 0.3730835117773019 0.2517575757575758 0.1465952890792291 0.08080808080808081
0 0.37391862955032124 0.18725252525252525 0.1087152034261242 0.05127272727272727
0 0.5328693790149893 0.20589898989898991 0.11036402569593147 0.19115151515151516
0 0.7807708779443255 0.26494949494949493 0.11531049250535332 0.07614141414141413
0 0.7198072805139186 0.18725252525252525 0.1284796573875803 0.10412121212121211
0 0.6506423982869379 0.10488888888888889 0.06259100642398287 0.03884848484848485