0 0.22160526315789472 0.7076602564102564 0.17452631578947367 0.15689102564102564
0 0.3995789473684211 0.7219871794871795 0.17036842105263156 0.15855769230769232
0 0.4646842105263158 0.8847756410256411 0.12326315789473685 0.11977564102564102
0 0.23128947368421052 0.9277884615384616 0.16344736842105262 0.09785256410256411
0 0.6239736842105263 0.7985897435897436 0.2174473684210526 0.40282051282051284
0 0.9203684210526316 0.9175 0.12881578947368422 0.1649679487179487
0 0.8220263157894737 0.5887179487179487 0.09557894736842105 0.14169871794871794
0 0.4515263157894737 0.4284615384615385 0.11081578947368421 0.09785256410256411
0 0.618421052631579 0.5322115384615385 0.08726315789473683 0.06580128205128205
0 0.5962631578947368 0.4554807692307693 0.12326315789473685 0.05733974358974359
0 0.6918157894736842 0.4099038461538462 0.1066578947368421 0.060737179487179487
0 0.6295000000000001 0.3188141025641026 0.08726315789473683 0.04048076923076923
0 0.667578947368421 0.2623076923076923 0.047078947368421054 0.03881410256410256
0 0.7679999999999999 0.293525641025641 0.08449999999999999 0.060737179487179487
0 0.5664736842105262 0.25471153846153843 0.08310526315789474 0.04048076923076923
0 0.7132894736842106 0.1678525641025641 0.09971052631578947 0.08602564102564103
0 0.09278947368421052 0.331474358974359 0.18560526315789475 0.17711538461538462
0 0.4993157894736842 0.20833333333333334 0.03463157894736842 0.035416666666666666
0 0.6031842105263158 0.15349358974358976 0.07339473684210526 0.04724358974358974