0 0.18 0.6540269749518305 0.36 0.25903660886319846
0 0.41852 0.7321772639691715 0.18222666666666665 0.11988439306358381
0 0.3503733333333333 0.8916763005780346 0.2118533333333333 0.14772639691714837
0 0.06074666666666667 0.9592100192678227 0.12148 0.0815606936416185
0 0.5133333333333333 0.9419845857418111 0.10518666666666666 0.08992292870905588
0 0.5074133333333334 0.815664739884393 0.07258666666666666 0.07707129094412331
0 0.42 0.8135260115606937 0.08741333333333334 0.059942196531791905
0 0.63556 0.7364547206165704 0.11852 0.09420038535645472
0 0.54 0.5930250481695568 0.06666666666666667 0.059942196531791905
0 0.58296 0.4292485549132948 0.8340799999999999 0.28901734104046245
0 0.4096266666666667 0.5673217726396917 0.11704 0.09420038535645472
0 0.6948133333333334 0.5748169556840077 0.18370666666666666 0.10061657032755299