0 0.17932806324110673 0.4581279620853081 0.23276679841897233 0.1843127962085308
0 0.4625955204216074 0.6727251184834123 0.18737812911725954 0.16587677725118483
0 0.49627140974967066 0.910734597156398 0.1786034255599473 0.17850710900473934
0 0.7268379446640316 0.958127962085308 0.13613965744400527 0.08372037914691943
0 0.9457575757575758 0.8767772511848341 0.10847167325428195 0.2211611374407583
0 0.7971805006587614 0.6213744075829385 0.4056521739130435 0.22644549763033175
0 0.7642424242424242 0.33834123222748813 0.47152832674571804 0.32386255924170615
0 0.8139393939393939 0.12111374407582938 0.09955204216073782 0.13691943127962086
0 0.9405665349143609 0.10400473933649289 0.0980764163372859 0.12374407582938389
0 0.9633333333333333 0.03817535545023697 0.07334650856389988 0.07635071090047393
0 0.5511594202898551 0.0842654028436019 0.37623188405797103 0.16850710900473934
0 0.2861923583662714 0.12244075829383887 0.09515151515151515 0.07109004739336493
0 0.32205533596837943 0.03817535545023697 0.08197628458498024 0.07635071090047393
0 0.04245059288537549 0.2185308056872038 0.08490118577075098 0.0947867298578199
0 0.1976284584980237 0.060568720379146915 0.08783926218708828 0.05791469194312796
0 0.20567852437417655 0.22379146919431278 0.08051383399209486 0.07898104265402843
0 0.1712779973649539 0.6700947867298578 0.12296442687747035 0.15535545023696684
0 0.03806324110671937 0.8886255924170616 0.07612648221343873 0.20274881516587678
0 0.28326745718050067 0.94760663507109 0.20055335968379445 0.10478672985781991
0 0.33230566534914363 0.5581990521327014 0.16395256916996048 0.16850710900473934
0 0.3725691699604743 0.18694312796208531 0.05708827404479578 0.0895260663507109