0 0.5312412412412413 0.869830866807611 0.07293293293293293 0.13289640591966173
0 0.6370670670670671 0.8790486257928118 0.11011011011011011 0.24192389006342496
0 0.7464564564564565 0.551183932346723 0.07436436436436437 0.12987315010570824
0 0.8265365365365366 0.4666173361522199 0.08294294294294294 0.17215644820295983
0 0.9066166166166166 0.6116067653276956 0.07436436436436437 0.08758985200845666
0 0.9044744744744745 0.8804016913319239 0.06435435435435435 0.14194503171247358
0 0.9847747747747747 0.9090909090909091 0.03046046046046046 0.12684989429175475
0 0.7822122122122122 0.8894503171247357 0.06292292292292292 0.09966173361522199
0 0.3353353353353353 0.9379281183932346 0.16445445445445445 0.12412262156448203
0 0.45545545545545546 0.5783720930232558 0.12441441441441442 0.11778012684989429
0 0.05148148148148148 0.4923044397463002 0.08865865865865866 0.16913319238900634
0 0.14014014014014015 0.5013530655391121 0.08294294294294294 0.16913319238900634
0 0.3045945945945946 0.463615221987315 0.20877877877877876 0.3171247357293869
0 0.06577577577577577 0.2672938689217759 0.05148148148148148 0.06947145877378436
0 0.12298298298298298 0.2672938689217759 0.06292292292292292 0.08154334038054968
0 0.15372372372372373 0.7218393234672305 0.035745745745745745 0.12080338266384778
0 0.8980380380380381 0.2491754756871036 0.16302302302302304 0.30505285412262156