0 0.43478260869565216 0.6272270742358078 0.35164917541229385 0.28185589519650656
0 0.08178410794602699 0.8691921397379913 0.16355322338830586 0.26161572052401744
0 0.09812593703148426 0.5418777292576419 0.19626686656671663 0.19451965065502183
0 0.6617091454272864 0.9327074235807861 0.17581709145427285 0.13458515283842795
0 0.8277961019490254 0.7056331877729258 0.34442278860569714 0.4426419213973799
0 0.9429535232383809 0.37414847161572057 0.11407796101949026 0.20048034934497816
0 0.7550824587706146 0.33941048034934496 0.12539730134932534 0.08733624454148471
0 0.6596701649175413 0.2570524017467249 0.2235232383808096 0.12504366812227075
0 0.8477511244377812 0.1846069868995633 0.10358320839580211 0.08336244541484716
0 0.14856071964017992 0.3840829694323144 0.06814092953523239 0.04168122270742358
0 0.046341829085457274 0.36323144104803495 0.09268365817091455 0.027794759825327513
0 0.17718140929535234 0.24216157205240174 0.07905547226386807 0.043668122270742356
0 0.1628785607196402 0.2153711790393013 0.09677661169415291 0.03373362445414847
0 0.259640179910045 0.3483624454148472 0.06679160419790105 0.053602620087336246
0 0.2664617691154423 0.29277292576419217 0.055877061469265375 0.03373362445414847
0 0.365952023988006 0.326528384279476 0.07769115442278861 0.06152838427947598
0 0.46476761619190404 0.40294759825327514 0.07086956521739131 0.04764192139737991
0 0.573808095952024 0.40294759825327514 0.07905547226386807 0.07543668122270741
0 0.4954272863568216 0.32949781659388644 0.07223388305847077 0.027794759825327513
0 0.4456821589205397 0.2580349344978166 0.13083958020989506 0.0793886462882096
0 0.5233733133433283 0.1875764192139738 0.1199400299850075 0.04962882096069869
0 0.6351424287856072 0.16277292576419214 0.10085457271364318 0.05556768558951965
0 0.7305397301349325 0.17864628820960698 0.06814092953523239 0.031768558951965065
0 0.6671664167916042 0.11412663755458516 0.1785457271364318 0.06550218340611354
0 0.8068665667166416 0.26200873362445415 0.03815592203898051 0.031768558951965065
0 0.8872863568215893 0.27194323144104804 0.06269865067466267 0.023820960698689955
0 0.8232233883058471 0.30665938864628817 0.04361319340329835 0.03770742358078603
0 0.038845577211394304 0.29873362445414847 0.07769115442278861 0.053602620087336246
0 0.26713643178410795 0.5140829694323144 0.08995502248875563 0.07146288209606987