0 0.423408203125 0.7310286458333333 0.219033203125 0.13020833333333334
0 0.66126953125 0.8510026041666667 0.150673828125 0.13579427083333334
0 0.585244140625 0.653828125 0.12974609375 0.087421875
0 0.430380859375 0.6175651041666667 0.126953125 0.07069010416666667
0 0.546875 0.5719921875 0.083701171875 0.04278645833333333
0 0.728935546875 0.5282682291666666 0.093466796875 0.05580729166666667
0 0.940849609375 0.49200520833333333 0.11830078125 0.20647135416666665
0 0.843330078125 0.34783854166666667 0.138115234375 0.12277343750000001
0 0.630576171875 0.4799088541666667 0.167412109375 0.08555989583333333
0 0.521064453125 0.4343359375 0.07115234375 0.04649739583333334
0 0.413642578125 0.5078125 0.11021484375 0.0334765625
0 0.518271484375 0.3859765625 0.059990234375 0.03533854166666667
0 0.079521484375 0.6631380208333334 0.15904296875 0.087421875
0 0.164619140625 0.5598958333333334 0.17298828125 0.09300781250000001
0 0.255302734375 0.4752604166666667 0.09486328125 0.027903645833333334
0 0.306923828125 0.439921875 0.08091796875 0.0390625
0 0.264365234375 0.4073697916666667 0.140908203125 0.05580729166666667
0 0.399697265625 0.3487760416666667 0.146484375 0.07998697916666667
0 0.553154296875 0.3348177083333333 0.154853515625 0.048359375