0 0.868421052631579 0.9527414330218068 0.12864912280701754 0.08825545171339563
0 0.7719298245614035 0.8190654205607477 0.15205263157894738 0.10644859813084112
0 0.6652105263157895 0.5529595015576324 0.3099473684210526 0.29074766355140186
0 0.4934210526315789 0.8566978193146417 0.07749122807017544 0.08308411214953272
0 0.49780701754385964 0.7567601246105918 0.07163157894736842 0.06489096573208722
0 0.5752982456140351 0.8047663551401869 0.10964912280701754 0.06230529595015576
0 0.7105263157894737 0.9410591900311526 0.07310526315789474 0.05451713395638629
0 0.11257894736842106 0.9569158878504673 0.11110526315789473 0.08619937694704051
0 0.10964912280701754 0.8411214953271028 0.10233333333333333 0.04672897196261682
0 0.20614035087719298 0.8917445482866043 0.05556140350877193 0.06489096573208722
0 0.2054035087719298 0.8138629283489096 0.05408771929824561 0.03894080996884735
0 0.35233333333333333 0.5802180685358256 0.2719298245614035 0.2829595015576324