0 0.7146 0.95 0.1764 0.1
0 0.5937333333333333 0.7896 0.1736 0.12085000000000001
0 0.7284666666666666 0.6531 0.28473333333333334 0.1396
0 0.47776666666666673 0.5906 0.2139 0.1229
0 0.6111000000000001 0.50935 0.20556666666666668 0.0771
0 0.25833333333333336 0.5197999999999999 0.14166666666666666 0.0479
0 0.2687333333333333 0.32085 0.06806666666666668 0.05835
0 0.38333333333333336 0.37185 0.0889 0.05625
0 0.5340333333333334 0.43229999999999996 0.07083333333333333 0.04375
0 0.4034666666666667 0.4802 0.1736 0.0521
0 0.6972333333333333 0.40415 0.1611 0.054150000000000004
0 0.7423666666666667 0.4729 0.07916666666666666 0.02085
0 0.4826333333333333 0.3156 0.10416666666666667 0.05625
0 0.5194333333333334 0.27815 0.058333333333333334 0.0354
0 0.6604333333333333 0.2896 0.06806666666666668 0.02085
0 0.5895666666666667 0.34585 0.08473333333333334 0.025