0 0.062213438735177866 0.8649289099526066 0.12442687747035573 0.17639810426540284
0 0.04465085638998682 0.38177725118483413 0.08930171277997365 0.5318483412322275
0 0.48309617918313574 0.2817298578199052 0.1903030303030303 0.24748815165876778
0 0.7692885375494071 0.22379146919431278 0.0863768115942029 0.0842654028436019
0 0.8666403162055336 0.2119431279620853 0.11125164690382082 0.1290047393364929
0 0.7802635046113308 0.6398104265402843 0.333768115942029 0.11059241706161138
0 0.7605006587615284 0.5673933649289099 0.0980764163372859 0.07109004739336493
0 0.8322397891963109 0.5502843601895735 0.05416337285902503 0.07372037914691942
0 0.8820026350461134 0.33701421800947867 0.03367588932806324 0.04739336492890995
0 0.8959156785243741 0.4041706161137441 0.04098814229249012 0.034218009478672984
0 0.9266534914361002 0.498957345971564 0.029275362318840578 0.04476303317535545
0 0.8929907773386034 0.5213270142180095 0.06441370223978919 0.03158767772511848
0 0.7509881422924901 0.7675118483412322 0.4186824769433465 0.23433649289099526
0 0.5540974967061923 0.5226540284360189 0.05123847167325428 0.05002369668246445
0 0.5079841897233202 0.5910900473933649 0.16395256916996048 0.08161137440758293
0 0.3725691699604743 0.8083175355450237 0.08343873517786561 0.11059241706161138
0 0.3981818181818182 0.6977251184834123 0.07612648221343873 0.1000473933649289
0 0.29864295125164686 0.40151658767772513 0.07612648221343873 0.0868957345971564
0 0.2195915678524374 0.34886255924170617 0.046851119894598156 0.060568720379146915
0 0.1712779973649539 0.38703791469194315 0.03220026350461133 0.036872037914691944
0 0.6726745718050066 0.4765639810426541 0.06587615283267458 0.0842654028436019
0 0.7634255599472991 0.37781990521327014 0.045375494071146244 0.07635071090047393