0 0.6117767295597484 0.4233409610983982 0.1143553459119497 0.18931350114416476
0 0.7661477987421383 0.435812356979405 0.11721698113207547 0.11025171624713959
0 0.8509119496855345 0.6105720823798627 0.2981761006289308 0.15601830663615562
0 0.699685534591195 0.784279176201373 0.253003144654088 0.2579633867276888
0 0.23871069182389937 0.6251258581235698 0.47742138364779874 0.7468192219679635
0 0.4431132075471698 0.3848512585812357 0.10863207547169812 0.0956979405034325
0 0.5031446540880503 0.28187643020594966 0.15437106918238994 0.14354691075514872
0 0.6746698113207547 0.31308924485125855 0.18011006289308176 0.12274599542334096
0 0.7147012578616352 0.23924485125858122 0.1114937106918239 0.09986270022883295
0 0.9419654088050315 0.40254004576659036 0.10863207547169812 0.09361556064073226
0 0.501006289308176 0.1591533180778032 0.1357861635220126 0.06032036613272311
0 0.9145283018867925 0.8765446224256294 0.17095911949685536 0.24693363844393593