0 0.50501953125 0.8602941176470589 0.25111328125 0.27941176470588236
0 0.501533203125 0.6218529411764706 0.132529296875 0.11764705882352941
0 0.736611328125 0.5787794117647058 0.11998046875 0.11554411764705881
0 0.904013671875 0.6333970588235294 0.147880859375 0.12395588235294118
0 0.954794921875 0.49579411764705883 0.090400390625 0.10925000000000001
0 0.762412109375 0.39705882352941174 0.152060546875 0.11344117647058824
0 0.55943359375 0.4936911764705882 0.11998046875 0.05461764705882353
0 0.565712890625 0.39495588235294116 0.12416015625 0.06302941176470588
0 0.641044921875 0.34454411764705883 0.135322265625 0.04622058823529412
0 0.56640625 0.2773088235294118 0.10044921875 0.10504411764705883
0 0.691962890625 0.27626470588235297 0.069755859375 0.039911764705882355