0 0.56945 0.8458239700374532 0.39722499999999994 0.3058614232209738
0 0.5583375 0.5035393258426966 0.20833749999999998 0.12485018726591761
0 0.6423625 0.41719101123595503 0.17638750000000003 0.0644943820224719
0 0.5451375 0.3755805243445693 0.1375 0.07282771535580525
0 0.4013875 0.4421535580524345 0.1 0.056179775280898875
0 0.40208750000000004 0.38181647940074903 0.0875 0.04786516853932584
0 0.36041249999999997 0.3547565543071161 0.08195000000000001 0.07698501872659176
0 0.55555 0.33395131086142327 0.055549999999999995 0.04786516853932584
0 0.5868 0.3048314606741573 0.09305 0.03953183520599251
0 0.65625 0.3360299625468165 0.10695 0.04368913857677902
0 0.6076375 0.24344569288389514 0.05695 0.029138576779026218
0 0.55555 0.2725842696629214 0.072225 0.07906367041198502
0 0.4736125 0.33084269662921345 0.075 0.05825842696629213
0 0.0951375 0.8137827715355805 0.190275 0.37245318352059925