0 0.5150462962962963 0.8884297520661157 0.20190200617283952 0.1859504132231405
0 0.7529591049382717 0.7308884297520661 0.1401736111111111 0.13946280991735538
0 0.9777507716049383 0.7162551652892563 0.044494598765432096 0.09297520661157024
0 0.8301195987654322 0.5371900826446281 0.20961805555555557 0.09986053719008266
0 0.8429783950617284 0.4287190082644628 0.15046296296296297 0.08264462809917356
0 0.6957291666666666 0.3081973140495868 0.1260300925925926 0.06198347107438017
0 0.5195486111111112 0.47262396694214875 0.11574074074074074 0.07747933884297521
0 0.5234066358024692 0.567319214876033 0.07458719135802469 0.06714876033057851
0 0.34271990740740743 0.5268595041322314 0.1401736111111111 0.09642045454545455
0 0.4603896604938271 0.36845557851239674 0.0488695987654321 0.030991735537190084
0 0.41152391975308644 0.32111053719008265 0.06172839506172839 0.03615702479338843
0 0.4256674382716049 0.2918388429752066 0.10288194444444446 0.04304235537190083
0 0.3292168209876543 0.2599845041322314 0.06430169753086419 0.04476756198347107
0 0.29128086419753085 0.21607954545454544 0.08101851851851852 0.03271177685950413
0 0.4353125 0.17303719008264462 0.2327662037037037 0.04304235537190083
0 0.5426967592592593 0.21263946280991736 0.07458719135802469 0.03615702479338843
0 0.2662037037037037 0.15323863636363638 0.06172839506172839 0.024106404958677687
0 0.2623456790123457 0.12224690082644628 0.08230324074074075 0.030991735537190084
0 0.3922337962962963 0.10933367768595041 0.06172839506172839 0.03615702479338843