0 0.44494047619047616 0.9121983914209115 0.3244047619047619 0.17560321715817695
0 0.7544642857142857 0.8629490616621984 0.49107142857142855 0.2714477211796247
0 0.8445 0.7138069705093834 0.11458333333333333 0.0871313672922252
0 0.5453928571428571 0.6501340482573726 0.17113095238095238 0.12064343163538874
0 0.34970238095238093 0.7406166219839142 0.3005952380952381 0.12064343163538874
0 0.11979761904761904 0.8176943699731903 0.21279761904761904 0.12734584450402145
0 0.31176190476190474 0.49932975871313673 0.13839285714285715 0.0938337801608579
0 0.6793214285714285 0.4842627345844504 0.0818452380952381 0.05697050938337802
0 0.7455357142857143 0.5412332439678285 0.1488095238095238 0.11058981233243968
0 0.7299166666666667 0.2798391420911528 0.1056547619047619 0.07037533512064344
0 0.50075 0.2697855227882037 0.21279761904761904 0.06367292225201072
0 0.43452380952380953 0.3552278820375335 0.19047619047619047 0.06032171581769437
0 0.6212857142857143 0.42058981233243964 0.1056547619047619 0.05697050938337802