0 0.43295918367346936 0.8251473922902494 0.13464285714285715 0.28975056689342404
0 0.6051530612244898 0.8238775510204082 0.09637755102040817 0.11589569160997733
0 0.7390816326530613 0.6664172335600906 0.34438775510204084 0.28975056689342404
0 0.9669770408163265 0.3741496598639456 0.06604591836734694 0.09321995464852607
0 0.6618494897959184 0.2683219954648526 0.1332142857142857 0.0881859410430839
0 0.5477551020408163 0.38675736961451246 0.10628826530612245 0.07306122448979592
0 0.43863520408163265 0.33006802721088435 0.11479591836734694 0.07054421768707483
0 0.40816326530612246 0.4850113378684807 0.15872448979591836 0.14360544217687074
0 0.4060331632653061 0.19904761904761906 0.100625 0.11086167800453516
0 0.4797321428571429 0.2544671201814059 0.09779336734693878 0.045351473922902494
0 0.5109183673469387 0.2166893424036281 0.06660714285714285 0.05541950113378685
0 0.4145408163265306 0.11464852607709751 0.12045918367346939 0.04283446712018141