0 0.310546875 0.8067083333333334 0.18359375 0.3865694444444444
0 0.6028671875 0.7650416666666667 0.14322656250000002 0.19212500000000002
0 0.8697890625 0.8877361111111111 0.2239609375 0.22454166666666664
0 0.7975234375 0.6851805555555556 0.0872421875 0.14351388888888889
0 0.9524765625 0.6412083333333334 0.0794296875 0.09259722222222222
0 0.7200546875 0.5613472222222222 0.11197656250000002 0.11343055555555556
0 0.15299218750000002 0.375 0.3059921875 0.2222222222222222
0 0.0885390625 0.6794027777777778 0.17708593749999998 0.1736111111111111
0 0.3736953125 0.557875 0.12760156250000002 0.1527777777777778
0 0.6419296875 0.3865694444444444 0.0729140625 0.06018055555555556
0 0.662109375 0.4375 0.0611953125 0.04629166666666666
0 0.5553359375 0.5231527777777778 0.10546875 0.125
0 0.380859375 0.4166666666666667 0.12890625 0.09722222222222222
0 0.4921875 0.4050972222222222 0.0807265625 0.06481944444444444