0 0.3202716049382716 0.8321212121212122 0.3297037037037037 0.19608815426997248
0 0.5098024691358025 0.6409090909090909 0.20916049382716048 0.131267217630854
0 0.2962962962962963 0.5574380165289256 0.18301234567901237 0.09399449035812671
0 0.22439506172839505 0.4512947658402204 0.33841975308641975 0.1215426997245179
0 0.7225925925925926 0.45617079889807166 0.10893827160493827 0.08264462809917356
0 0.8939753086419753 0.2925068870523416 0.20187654320987655 0.09884297520661157
0 0.40306172839506177 0.2673829201101928 0.1408888888888889 0.05509641873278237
0 0.5962222222222222 0.2827823691460055 0.1728395061728395 0.07939393939393939
0 0.7988395061728394 0.19041322314049589 0.13071604938271605 0.10856749311294765
0 0.4052345679012346 0.19041322314049589 0.09876543209876543 0.043746556473829204
0 0.7269382716049383 0.08994490358126721 0.07698765432098766 0.06644628099173554