0 0.4322916666666667 0.6137294332723948 0.17113541666666665 0.193254113345521
0 0.7559479166666667 0.6137294332723948 0.48809375 0.23504570383912246
0 0.6026770833333334 0.79654478976234 0.05655208333333333 0.05745886654478976
0 0.9055104166666667 0.36824497257769656 0.03125 0.05223034734917733
0 0.4382395833333333 0.39828153564899454 0.12648958333333335 0.04440585009140768
0 0.41815625 0.48054844606946984 0.10714583333333333 0.06789762340036563
0 0.4925625 0.5053564899451554 0.047614583333333335 0.060073126142595974
0 0.34821875 0.5040402193784278 0.08333333333333333 0.05223034734917733
0 0.23214583333333336 0.5693418647166362 0.15178125 0.13058500914076784
0 0.18527083333333336 0.7168921389396709 0.10267708333333332 0.10707495429616087
0 0.26115625000000003 0.7116819012797075 0.034229166666666665 0.049616087751371114
0 0.32589583333333333 0.7273491773308958 0.0386875 0.03917733089579525
0 0.044645833333333336 0.6516087751371116 0.08928124999999999 0.13319926873857404
0 0.09152083333333333 0.5419195612431444 0.09672916666666667 0.09140767824497258
0 0.016364583333333335 0.7756672760511883 0.032739583333333336 0.0470018281535649
0 0.5371979166666667 0.7978610603290677 0.06844791666666666 0.07574040219378428