0 0.09414219474497681 0.47333333333333333 0.09554868624420403 0.1502754820936639
0 0.1370015455950541 0.6486225895316804 0.08290571870170016 0.1502754820936639
0 0.07727975270479134 0.7963911845730027 0.0871097372488408 0.09517906336088154
0 0.05760432766615147 0.6210743801652893 0.028098918083462134 0.06011019283746557
0 0.21216383307573417 0.5284297520661156 0.09554868624420403 0.18531680440771348
0 0.3238794435857805 0.5910468319559229 0.04636785162287481 0.08013774104683195
0 0.3351159196290572 0.6949586776859504 0.05760432766615147 0.12272727272727271
0 0.3105255023183926 0.8151790633608816 0.05901081916537867 0.10267217630853995
0 0.4685935085007728 0.7813774104683195 0.3161514683153014 0.3506060606060606
0 0.36602782071097373 0.4357575757575758 0.09132921174652242 0.1502754820936639
0 0.4657805255023184 0.40195592286501375 0.11100463678516227 0.14275482093663913
0 0.4313601236476043 0.6098071625344353 0.044961360123647605 0.08264462809917356
0 0.5016228748068007 0.5572176308539946 0.06744976816074189 0.1477685950413223
0 0.5887326120556414 0.46831955922865015 0.044961360123647605 0.07512396694214876
0 0.599273570324575 0.5409366391184574 0.0435548686244204 0.05509641873278237
0 0.6786553323029366 0.42950413223140493 0.1405100463678516 0.18782369146005512
0 0.6561823802163833 0.5747658402203857 0.06744976816074189 0.11269972451790633
0 0.7678825347758887 0.6824517906336088 0.12505409582689334 0.1728099173553719
0 0.8830911901081917 0.3656473829201102 0.1334775888717156 0.18531680440771348
0 0.9700000000000001 0.39319559228650136 0.06 0.12022038567493114
0 0.8830911901081917 0.20911845730027548 0.04918083462132921 0.09267217630853995
0 0.8873106646058733 0.5171625344352617 0.07165378670788253 0.07261707988980716
0 0.9559505409582689 0.5321763085399449 0.08809891808346214 0.10267217630853995
0 0.9231375579598144 0.66366391184573 0.10397217928902627 0.2153719008264463
0 0.8395363214837712 0.5973002754820936 0.07165378670788253 0.07261707988980716
0 0.8072179289026274 0.5196694214876033 0.037944358578052555 0.06763085399449036
0 0.44681607418856256 0.10267217630853995 0.885208655332303 0.20537190082644627