0 0.25642967542503864 0.7566942148760331 0.5128593508500773 0.48661157024793383
0 0.2472952086553323 0.49586776859504134 0.17423493044822258 0.12022038567493114
0 0.4742194744976816 0.44578512396694214 0.12786707882534776 0.08013774104683195
0 0.6175425038639877 0.5133884297520661 0.09132921174652242 0.06011019283746557
0 0.8086244204018547 0.5910468319559229 0.23183925811437403 0.22038567493112948
0 0.9580525502318393 0.525922865013774 0.08387944358578053 0.08515151515151516
0 0.9735085007727976 0.6123140495867769 0.05296754250386399 0.08264462809917356
0 0.80370942812983 0.42198347107438017 0.07024729520865533 0.07763085399449035
0 0.5999690880989181 0.38443526170798903 0.10678516228748068 0.17782369146005508
0 0.7137867078825347 0.3581267217630854 0.05058732612055641 0.05008264462809917
0 0.17142194744976816 0.41446280991735535 0.3428438948995363 0.4833333333333333