0 0.6555646100116415 0.8342269503546099 0.3041327124563446 0.21808510638297873
0 0.6701164144353899 0.49734751773049646 0.2430151338766007 0.12588652482269502
0 0.7566938300349243 0.39805673758865245 0.17753201396973226 0.07624113475177305
0 0.4489289871944121 0.4166666666666667 0.13242142025611175 0.06028368794326241
0 0.4467403958090803 0.3661418439716312 0.10768335273573923 0.047872340425531915
0 0.39217694994179275 0.3306808510638298 0.09167636786961583 0.06205673758865248
0 0.6388242142025611 0.3599290780141844 0.1658905704307334 0.07801418439716312
0 0.7785215366705471 0.3182695035460993 0.1309662398137369 0.05851063829787234
0 0.6846682188591385 0.29432624113475175 0.0829452852153667 0.031914893617021274
0 0.6635622817229336 0.2553191489361702 0.13969732246798602 0.0425531914893617
0 0.7632479627473807 0.22075177304964538 0.15279394644935973 0.044326241134751775
0 0.4649359720605355 0.2774893617021277 0.07421420256111758 0.0549645390070922
0 0.5158672875436554 0.2429078014184397 0.10040745052386496 0.04609929078014184
0 0.33469150174621654 0.3767801418439716 0.06111757857974389 0.05851063829787234