0 0.43863520408163265 0.76718820861678 0.3075382653061225 0.30990929705215414
0 0.8255357142857144 0.8099092970521542 0.34155612244897954 0.380204081632653
0 0.9209183673469388 0.434625850340136 0.15816326530612246 0.33510204081632655
0 0.7589285714285714 0.41571428571428576 0.13747448979591836 0.1763718820861678
0 0.5831887755102041 0.5026530612244897 0.08645408163265306 0.09825396825396825
0 0.47122448979591836 0.4850113378684807 0.07228316326530612 0.06802721088435375
0 0.09849489795918367 0.6525623582766439 0.18281887755102041 0.23179138321995466
0 0.26431122448979594 0.4144671201814059 0.06943877551020408 0.04786848072562358
0 0.14739795918367346 0.45730158730158726 0.0907015306122449 0.07809523809523809
0 0.03543367346938776 0.40816326530612246 0.07086734693877551 0.11589569160997733
0 0.3706122448979592 0.40816326530612246 0.10628826530612245 0.075578231292517
0 0.49673469387755104 0.41195011337868476 0.05811224489795919 0.04786848072562358
0 0.4903571428571429 0.3376190476190476 0.05102040816326531 0.04031746031746032
0 0.6625510204081634 0.30863945578231294 0.22817602040816326 0.10331065759637188
0 0.8588392857142858 0.2330612244897959 0.12471938775510204 0.13857142857142857
0 0.5307525510204082 0.22675736961451248 0.1317984693877551 0.08063492063492064
0 0.7298724489795919 0.2217233560090703 0.07369897959183673 0.06551020408163265
0 0.6823979591836735 0.12723356009070294 0.1601530612244898 0.06802721088435375
0 0.639170918367347 0.18895691609977325 0.11621173469387755 0.050385487528344666
0 0.437219387755102 0.2909977324263039 0.07511479591836735 0.08315192743764173
0 0.2621938775510204 0.3451700680272109 0.05385204081632653 0.03528344671201814