0 0.2023166023166023 0.734282325029656 0.25637065637065637 0.3582443653618031
0 0.5065637065637065 0.6571767497034401 0.2996138996138996 0.22301304863582444
0 0.4254826254826255 0.46856465005931197 0.19922779922779923 0.1874258600237248
0 0.6517374517374518 0.40094899169632264 0.25637065637065637 0.2609727164887307
0 0.18532818532818532 0.431791221826809 0.23783783783783785 0.12811387900355872
0 0.4355212355212355 0.2823250296559905 0.14517374517374518 0.132858837485172
0 0.511969111969112 0.20640569395017794 0.11891891891891893 0.08540925266903915
0 0.6447876447876448 0.10913404507710557 0.0694980694980695 0.04744958481613286
0 0.8725868725868726 0.1269276393831554 0.12972972972972974 0.07354685646500593
0 0.7969111969111969 0.13641755634638197 0.09884169884169884 0.05931198102016608
0 0.8138996138996138 0.16844602609727166 0.15135135135135136 0.10913404507710557
0 0.2702702702702703 0.2597864768683274 0.11428571428571428 0.10201660735468565
0 0.33204633204633205 0.0937129300118624 0.5590733590733591 0.1874258600237248