0 0.35625 0.8760683760683761 0.16 0.15313390313390313
0 0.735 0.9683048433048433 0.1525 0.0633903133903134
0 0.960625 0.5208333333333334 0.07875 0.062321937321937325
0 0.528125 0.7104700854700855 0.23375 0.16737891737891739
0 0.314375 0.5974002849002849 0.31375 0.12642450142450143
0 0.071875 0.47364672364672367 0.10625 0.06766381766381767
0 0.1775 0.5030270655270656 0.0875 0.08012820512820513
0 0.33875 0.45405982905982906 0.2425 0.11752136752136752
0 0.748125 0.5235042735042735 0.08375 0.03917378917378917
0 0.800625 0.4602920227920228 0.07875 0.05163817663817664
0 0.751875 0.35345441595441596 0.09625 0.06588319088319089
0 0.699375 0.4033119658119658 0.09875 0.10505698005698005
0 0.271875 0.2938034188034188 0.07125 0.10327635327635327