0 0.46808510638297873 0.9096153846153846 0.26382978723404255 0.18076923076923077
0 0.7631205673758865 0.8730769230769231 0.47375886524822697 0.25384615384615383
0 0.7269503546099291 0.5 0.1347517730496454 0.11538461538461539
0 0.8049645390070922 0.6134615384615385 0.09219858156028368 0.21923076923076923
0 0.42411347517730497 0.7557692307692307 0.2865248226950355 0.18076923076923077
0 0.21347517730496454 0.8192307692307692 0.18014184397163122 0.16153846153846155
0 0.3638297872340426 0.475 0.10354609929078014 0.08846153846153847
0 0.5609929078014184 0.6211538461538462 0.13191489361702127 0.1576923076923077
0 0.5333333333333333 0.37115384615384617 0.26099290780141843 0.17307692307692307
0 0.7212765957446808 0.27115384615384613 0.10070921985815603 0.08076923076923077
0 0.33617021276595743 0.37884615384615383 0.13617021276595745 0.1346153846153846