0 0.46040000000000003 0.5645535714285714 0.15693333333333334 0.16183035714285715
0 0.6937666666666666 0.819955357142857 0.6125 0.36013392857142856
0 0.6326333333333333 0.6621875 0.17916666666666667 0.19343749999999998
0 0.6625 0.5505803571428571 0.11109999999999999 0.09674107142857144
0 0.8486 0.5059375 0.3027666666666667 0.24183035714285714
0 0.8881999999999999 0.4166517857142857 0.2236 0.21205357142857142
0 0.8326333333333333 0.2687946428571429 0.22916666666666666 0.11348214285714286
0 0.6687333333333334 0.31995535714285717 0.2597333333333333 0.1190625
0 0.5923666666666667 0.4110714285714286 0.24306666666666668 0.1413839285714286
0 0.3090333333333333 0.4008482142857143 0.1014 0.08
0 0.08056666666666668 0.35620535714285717 0.1611 0.20647321428571427
0 0.20206666666666664 0.4501339285714286 0.14306666666666668 0.10415178571428571
0 0.19236666666666666 0.6045535714285714 0.19583333333333333 0.25669642857142855
0 0.275 0.8915625 0.20833333333333334 0.21687499999999998
0 0.2021 0.13486607142857143 0.4041666666666667 0.26973214285714286
0 0.5465333333333333 0.22879464285714285 0.1125 0.09299107142857142
0 0.5757 0.16276785714285716 0.12083333333333333 0.07254464285714286
0 0.7166666666666667 0.17669642857142856 0.10276666666666666 0.09674107142857144
0 0.8187666666666666 0.15254464285714286 0.07083333333333333 0.05580357142857143
0 0.9430666666666667 0.22227678571428572 0.1139 0.18785714285714286