0 0.3608787878787879 0.6227333333333334 0.1652878787878788 0.2272666666666667
0 0.5578484848484848 0.9333333333333333 0.1652878787878788 0.13333333333333333
0 0.6315454545454545 0.6091 0.13912121212121212 0.21213333333333334
0 0.7410454545454546 0.5151666666666667 0.07713636363636363 0.0788
0 0.48828787878787877 0.4878666666666667 0.0978030303030303 0.09696666666666666
0 0.3808484848484849 0.3530333333333333 0.07851515151515151 0.10606666666666667
0 0.47245454545454546 0.35606666666666664 0.07989393939393939 0.08183333333333334
0 0.592969696969697 0.4363666666666667 0.13912121212121212 0.09696666666666666
0 0.5805757575757576 0.3394 0.06749999999999999 0.0606
0 0.6949090909090909 0.35606666666666664 0.03993939393939394 0.05756666666666666
0 0.716939393939394 0.3015 0.06474242424242424 0.0697
0 0.716939393939394 0.21516666666666664 0.0426969696969697 0.0788
0 0.6232727272727273 0.22576666666666667 0.13360606060606062 0.04546666666666667
0 0.5247878787878788 0.20756666666666668 0.08265151515151514 0.0697
0 0.4511060606060606 0.1212 0.06474242424242424 0.0485
0 0.5888484848484848 0.1591 0.08401515151515151 0.0515