0 0.6193415637860082 0.8371212121212122 0.7613168724279835 0.32575757575757575
0 0.5853909465020576 0.5121212121212121 0.4588477366255144 0.1606060606060606
0 0.7191358024691358 0.4037878787878788 0.3065843621399177 0.06212121212121212
0 0.7520576131687243 0.3340909090909091 0.2654320987654321 0.05303030303030303
0 0.5216049382716049 0.36515151515151517 0.2613168724279835 0.05757575757575758
0 0.23765432098765432 0.4257575757575758 0.21193415637860083 0.045454545454545456
0 0.21193415637860083 0.37272727272727274 0.205761316872428 0.048484848484848485
0 0.3713991769547325 0.3287878787878788 0.10905349794238683 0.03939393939393939
0 0.5792181069958847 0.2909090909090909 0.21604938271604937 0.11212121212121212
0 0.7777777777777778 0.24015151515151514 0.16049382716049382 0.03787878787878788
0 0.07510288065843622 0.3856060606060606 0.11728395061728394 0.04090909090909091
0 0.13991769547325103 0.34924242424242424 0.16049382716049382 0.06212121212121212
0 0.3446502057613169 0.26212121212121214 0.1419753086419753 0.051515151515151514
0 0.6430041152263375 0.2409090909090909 0.10905349794238683 0.05454545454545454