0 0.18125 0.7925925925925926 0.34305833333333335 0.31604444444444446
0 0.740275 0.7530814814814815 0.5194416666666667 0.4938222222222222
0 0.5368583333333333 0.4567851851851852 0.240275 0.17777777777777778
0 0.23546666666666666 0.4024740740740741 0.24860833333333332 0.1827111111111111
0 0.31671666666666665 0.5074074074074074 0.13333333333333333 0.33826666666666666
0 0.390325 0.2222222222222222 0.10833333333333334 0.09877037037037037
0 0.4583833333333333 0.25925925925925924 0.127775 0.11851851851851852
0 0.72505 0.3469185185185185 0.19444166666666668 0.18025185185185186
0 0.7972750000000001 0.2580296296296296 0.13610833333333333 0.18518518518518517
0 0.8889416666666666 0.14321481481481482 0.18333333333333332 0.14321481481481482
0 0.66255 0.11728888888888889 0.10833333333333334 0.0716
0 0.6729666666666666 0.21358518518518516 0.10694166666666667 0.10617777777777777
0 0.5493583333333334 0.18395555555555557 0.0875 0.07654814814814816
0 0.8542166666666666 0.07407407407407407 0.16666666666666666 0.08888888888888889