0 0.58203125 0.828536866359447 0.2994765625 0.26305299539170507
0 0.583984375 0.5126728110599078 0.23046875 0.1420852534562212
0 0.6458359375 0.40994239631336404 0.15625 0.06336405529953917
0 0.12630468749999998 0.7613248847926267 0.13802343749999998 0.17857142857142858
0 0.3977890625 0.421463133640553 0.09765625 0.05952764976958526
0 0.404296875 0.38306451612903225 0.0794296875 0.06336405529953917
0 0.3502578125 0.3456221198156682 0.0572890625 0.03456221198156682
0 0.47005468749999996 0.34369815668202763 0.0859375 0.07680875576036866
0 0.5423203125 0.37922811059907835 0.12890625 0.08256912442396314
0 0.662109375 0.3321774193548387 0.11067968749999998 0.06912442396313365
0 0.5943984375 0.2880184331797235 0.11588281250000002 0.1152073732718894