0 0.331220703125 0.425615234375 0.421552734375 0.216474609375
0 0.694169921875 0.60791015625 0.304365234375 0.164384765625
0 0.301923828125 0.8564453125 0.548505859375 0.287109375
0 0.043134765625 0.711259765625 0.086259765625 0.123701171875
0 0.029296875 0.409345703125 0.05859375 0.115556640625
0 0.774736328125 0.92236328125 0.364580078125 0.1552734375
0 0.92236328125 0.743818359375 0.1552734375 0.126953125
0 0.96875 0.530595703125 0.0625 0.13671875
0 0.88623046875 0.44189453125 0.148115234375 0.099287109375
0 0.652666015625 0.37109375 0.286455078125 0.087890625
0 0.501298828125 0.29541015625 0.250654296875 0.076494140625
0 0.21728515625 0.227861328125 0.2197265625 0.065107421875
0 0.341796875 0.154619140625 0.247392578125 0.074873046875
0 0.430498046875 0.211591796875 0.206708984375 0.087890625
0 0.633134765625 0.1953125 0.185546875 0.065107421875
0 0.696611328125 0.279951171875 0.104169921875 0.0390625
0 0.69091796875 0.126953125 0.099287109375 0.052080078125
0 0.742998046875 0.067548828125 0.167646484375 0.0927734375
0 0.602216796875 0.1123046875 0.169267578125 0.05859375
0 0.42724609375 0.04150390625 0.3662109375 0.0634765625
0 0.652666015625 0.02197265625 0.1953125 0.0439453125