0 0.25735294117647056 0.7161125319693095 0.3431372549019608 0.0959079283887468
0 0.0784313725490196 0.9124040920716112 0.1568627450980392 0.17519181585677748
0 0.09068627450980392 0.6569693094629157 0.18137254901960784 0.10230179028132992
0 0.8799019607843137 0.7576726342710998 0.24019607843137256 0.1118925831202046
0 0.7671568627450981 0.6489769820971867 0.1715686274509804 0.05754475703324808
0 0.5563725490196079 0.66576726342711 0.18627450980392157 0.06873401534526855
0 0.27819607843137256 0.6058184143222506 0.17892156862745098 0.0479539641943734
0 0.0845686274509804 0.5674552429667519 0.14950980392156862 0.0479539641943734
0 0.44607843137254904 0.5091176470588236 0.18627450980392157 0.0719309462915601
0 0.501235294117647 0.5458823529411765 0.12990196078431374 0.03037084398976982
0 0.5845686274509804 0.5642583120204604 0.0857843137254902 0.02877237851662404
0 0.5943725490196078 0.6066240409207161 0.11519607843137254 0.03037084398976982
0 0.7009803921568627 0.6042199488491049 0.11764705882352941 0.03516624040920716
0 0.8406862745098039 0.5954347826086956 0.21568627450980393 0.05274936061381074
0 0.7267254901960785 0.530690537084399 0.13480392156862744 0.03836317135549872
0 0.8725490196078431 0.5490792838874681 0.09803921568627451 0.0239769820971867
0 0.23652941176470588 0.5210997442455243 0.08088235294117647 0.02877237851662404
0 0.32598039215686275 0.5019181585677749 0.06372549019607843 0.02237851662404092
0 0.6274509803921569 0.49313299232736574 0.0784313725490196 0.03676470588235294
0 0.7598039215686274 0.4731457800511509 0.12745098039215685 0.05434782608695652
0 0.9656862745098039 0.8735677749360614 0.06862745098039216 0.05914322250639386