0 0.48828125 0.4409722222222222 0.2473984375 0.14583333333333334
0 0.3723984375 0.6423611111111112 0.19010156250000002 0.13194444444444445
0 0.5677109375 0.8541666666666666 0.14322656250000002 0.1342638888888889
0 0.6022109375 0.6759305555555556 0.2044296875 0.11573611111111111
0 0.8046875 0.8969861111111112 0.2161484375 0.2060138888888889
0 0.40299218750000004 0.8599583333333333 0.11067968749999998 0.12268055555555556
0 0.2877578125 0.7488472222222222 0.140625 0.07176388888888889
0 0.2434921875 0.4259305555555556 0.0807265625 0.07406944444444444
0 0.47721093750000004 0.29051388888888885 0.08984375 0.08565277777777779
0 0.642578125 0.2800972222222222 0.0950546875 0.08333333333333333
0 0.681640625 0.052083333333333336 0.15494531250000002 0.10416666666666667
0 0.8131484375 0.017361111111111112 0.0638046875 0.034722222222222224
0 0.8958359375 0.10069444444444445 0.18228906250000002 0.12731944444444446
0 0.9615859375 0.00926388888888889 0.0768203125 0.01851388888888889
0 0.8802109375 0.23379166666666668 0.2395859375 0.1111111111111111
0 0.240234375 0.27893055555555557 0.17317968749999998 0.11805555555555555
0 0.0520859375 0.11805555555555555 0.10416406250000002 0.120375
0 0.2018203125 0.11690277777777779 0.11197656250000002 0.07176388888888889
0 0.0436171875 0.6423611111111112 0.0872421875 0.2986111111111111
0 0.03125 0.9421250000000001 0.0625 0.08333333333333333
0 0.8072890625 0.5729166666666666 0.11197656250000002 0.14120833333333332
0 0.8834609375 0.7349583333333333 0.0872421875 0.09027777777777778
0 0.501953125 0.02545833333333333 0.18359375 0.050930555555555555