0 0.5187619047619048 0.8561228813559322 0.2698412698412698 0.19453389830508472
0 0.7857142857142857 0.6240466101694916 0.1111111111111111 0.08860169491525424
0 0.8665238095238095 0.731885593220339 0.2121269841269841 0.16177966101694916
0 0.9596031746031746 0.8821186440677966 0.0808095238095238 0.1463771186440678
0 0.10750793650793651 0.93625 0.1976984126984127 0.1275
0 0.17388888888888887 0.7694491525423729 0.16017460317460316 0.09822033898305084
0 0.2481904761904762 0.6433050847457626 0.19047619047619047 0.11171610169491525
0 0.30447619047619046 0.5277330508474576 0.11255555555555555 0.050084745762711866
0 0.4834126984126984 0.495 0.16450793650793652 0.06934322033898305
0 0.785 0.40735169491525425 0.10388888888888889 0.05201271186440678
0 0.37661904761904763 0.4314406779661017 0.2626190476190476 0.050084745762711866
0 0.4300158730158731 0.354385593220339 0.11544444444444445 0.03851694915254237